1722
4001
2027
3286
84
2094
3052
79
1073
1653
85
1726
1386
2782
2070
3421
86
39
2364
1252
