405
211
514
226
878
797
761
976
755
633
392
638
738
26
794
32
451
515
527
59
