210
105
814
56
4347
3665
203
1180
929
1115
1896
4966
1259
649
1436
834
1426
5849
1699
3039
