806
1523
277
1836
1594
1208
1176
1732
1234
1597
912
935
137
728
388
1532
910
1776
746
452
