175
25
108
38
173
87
73
174
152
158
33
13
14
130
93
146
69
159
42
12
