787
261
950
78
307
281
651
747
235
833
91
100
18
772
125
901
-1
-1
-1
-1
