2272
1396
3443
4039
4000
4111
150
240
3873
1350
735
570
4
937
1151
3424
3403
59
1481
2149
