178
5
56
90
172
152
108
190
16
92
38
174
180
173
19
158
85
123
93
151
