vmlinux-5.10.tar,large.tar
0,0,0
