1561
1117
393
384
1469
1790
1106
1912
1158
395
102
1719
1456
391
1596
1125
1104
327
1498
1866
