900
1208
1176
981
1507
139
135
1558
1204
935
138
1487
1005
896
1730
277
824
93
727
1451
