626
680
876
3071
5849
3
953
1535
3681
834
1896
2684
3073
2141
644
4508
4530
2183
2067
121
