180
172
87
92
130
108
181
28
121
158
178
67
152
85
173
64
175
151
20
174
