123
823
1463
70
335
1484
1441
1584
1852
903
1303
481
341
1570
55
288
9
1377
1251
989
