296
1945
1524
746
1908
775
1798
898
726
736
486
1813
1655
249
505
1518
991
875
902
1723
