-1
6567
919
644
-1
800
207
284
1280
1334
881
264
653
263
4149
5529
-1
1335
6537
204
