1111
1837
384
1125
1564
1573
1112
148
134
1719
382
1767
1830
102
1686
1571
1752
1117
1911
327
