1311
1334
3231
978
892
1663
680
589
8
3514
671
3376
677
2252
64
637
4530
1640
636
4701
