-1
200
-1
2767
2050
2899
2322
1320
2305
2940
205
-1
2896
-1
2470
1390
149
2413
328
-1
