395
411
1111
329
213
1821
1103
1155
211
1822
1708
380
1700
1760
731
1027
454
181
814
1819
