334
179
952
812
87
864
328
66
7
4
77
2
54
3
527
59
873
65
512
714
