35
981
752
0
197
724
225
405
400
277
720
467
887
920
392
731
901
566
881
502
