3135
343
852
2519
2322
2625
1001
3633
788
832
443
959
877
3625
952
2030
419
39
34
1744
