175
51
178
181
173
108
123
38
151
90
20
87
73
56
190
67
158
121
16
14
