2298
661
3031
44
1142
672
266
2086
3786
4043
1008
2977
3984
2870
23
2108
1552
899
239
2851
