76
1257
268
1808
1722
45
1938
952
892
647
963
353
-1
-1
-1
-1
-1
-1
-1
-1
