767
1837
395
1117
801
1561
1573
1790
1767
1111
1623
329
364
334
1571
825
1752
382
1830
1108
