172
73
173
90
133
152
108
14
34
92
175
185
105
93
180
178
135
87
181
169
