83
799
57
909
42
24
226
11
455
984
89
60
63
517
81
1
4
32
353
397
