900
2759
2771
288
1393
513
1221
1702
-1
-1
-1
-1
-1
-1
-1
-1
-1
-1
-1
-1
