4209
5582
6562
1315
334
4312
85
558
5235
5952
-1
-1
-1
-1
-1
-1
-1
-1
-1
-1
