290
0
894
9
46
54
225
49
284
48
34
749
905
412
11
51
36
976
515
502
