769
1578
62
581
288
227
585
1798
1800
180
1478
1123
547
747
217
546
804
582
863
382
