164
113
1112
391
185
102
1106
1573
1108
1117
1830
1790
329
334
382
1125
841
1571
1560
1564
