291
3389
2258
12
1584
1115
917
3388
4138
2737
83
2183
2256
1624
92
783
121
2277
225
1578
