158
25
190
172
56
64
92
180
181
67
85
168
16
130
147
20
90
123
13
33
