1759
957
29
1145
1507
1757
1027
1730
984
1247
968
1932
824
17
73
1523
1767
942
123
1468
