1687
1561
437
144
1564
509
382
323
1571
1593
1104
1911
1573
391
1112
102
395
411
396
1596
