394
944
398
461
967
272
720
577
631
633
750
584
714
271
946
531
894
972
378
1000
