751
291
2275
117
4504
1604
2258
8
1573
1931
616
5546
215
1771
2400
2332
1513
4893
640
878
