61
59
996
331
56
53
88
48
79
6
81
149
2
34
7
11
30
68
46
63
