957
131
1208
728
965
1558
1145
1013
1594
1776
1074
1027
1523
1168
92
968
1127
1058
135
1651
