784
728
65
68
55
935
1741
1805
900
1208
743
59
138
1384
1645
122
1035
1647
1501
942
