4
35
301
630
435
36
230
428
48
54
64
278
283
284
581
291
77
963
377
197
