1125
801
809
767
1825
1441
1848
1439
903
1601
382
1819
1712
1822
198
1846
837
1469
1528
1482
