84
3194
2027
3059
3135
3313
2960
1647
3928
1856
78
3569
1087
67
3633
3869
1410
1813
3106
428
