2079
1283
3031
1164
1901
1266
785
115
3571
2698
1750
2465
3913
-1
-1
-1
-1
-1
-1
-1
