33
64
137
151
130
25
34
181
87
89
173
152
90
38
5
147
159
80
156
154
