1872
1860
298
370
424
149
1089
1371
1380
1636
1254
1749
1314
1127
1624
1463
1465
1121
985
446
