695
656
128
-1
33
80
1650
919
-1
398
1742
549
1190
1819
1856
560
828
525
-1
925
