1556
1106
1846
1155
336
1700
1492
393
1698
743
1336
1270
1133
1450
574
325
1611
1124
510
344
