1573
1571
1790
1865
1821
1709
1866
323
1590
1822
1801
1867
354
1792
1105
509
270
1791
1032
1383
