226
616
976
871
596
310
28
157
182
924
575
692
499
7
732
61
59
328
179
340
