755
807
54
10
78
67
0
517
204
631
749
584
26
83
725
750
149
638
582
45
