2019
3073
4138
4637
2268
5327
13
1397
263
5584
595
876
5156
3519
3532
3071
6288
1381
3903
4831
