801
1593
391
1125
1561
1117
841
1106
1573
329
1112
1111
323
1456
1752
411
102
364
134
1108
