2254
2
243
347
17
248
254
5
623
458
2180
-1
-1
-1
-1
-1
-1
-1
-1
-1
