532
5360
602
2041
3588
1445
3025
1433
545
834
1272
772
2938
1373
2002
1993
638
90
4893
5492
