134
1125
384
391
411
1573
1790
329
1111
1117
1112
1719
1837
1686
641
102
1830
1592
1108
1708
