1571
329
1567
319
1089
1865
1573
1111
113
1752
1561
1830
327
1594
1687
185
283
1112
1117
1623
