631
575
281
52
364
393
312
70
512
73
876
911
286
307
412
494
714
952
499
0
