1767
1761
1564
1573
1687
384
1089
395
1106
411
391
1825
1593
1561
1117
213
1596
1790
1560
60
