1571
1104
1709
1089
134
1592
1573
1789
1752
1767
1830
1117
1623
1106
1825
1822
102
1708
1103
393
