1830
323
395
391
60
329
1790
1789
1564
1592
1752
223
336
1452
1571
1573
1912
334
1357
1125
