1913
1345
741
195
1645
645
756
748
1116
1581
777
543
1659
714
1063
544
658
493
862
1668
