391
102
384
1592
329
1911
1686
330
1125
1708
1561
134
1117
1573
1719
1564
327
1104
1593
1115
