196
29
45
763
780
164
778
49
2
47
761
149
67
764
378
618
738
512
325
51
