957
1224
1109
1220
851
1027
1234
1572
1007
1548
1035
675
965
1058
139
984
894
1195
52
1424
