1168
1316
2369
2638
1453
2492
802
2335
1555
2266
2050
6
1415
851
42
554
2113
2901
408
556
