1346
173
743
328
310
1852
623
765
4
999
40
524
430
1984
789
1080
1392
886
1381
1733
