1624
2737
1573
3681
1622
83
751
5092
155
744
225
1595
1607
614
1382
111
3071
263
2669
754
