420
139
432
97
691
689
464
426
968
416
141
520
117
92
518
427
313
208
542
814
