1572
1558
65
349
1195
1594
935
1637
1012
1509
824
1507
1340
942
1626
701
1384
805
1049
388
