134
1125
384
391
1561
1573
1790
1117
1571
1111
327
1837
1719
1686
102
1108
1623
1768
1106
1556
