1141
67
1706
1213
4031
145
2815
1198
1590
1740
114
3980
2144
2554
68
2903
1957
1822
2708
3740
