382
323
384
1573
113
1571
1561
763
329
1117
391
364
480
134
801
1108
1584
1363
1112
1564
