1208
957
1109
103
1581
1224
935
120
1757
1646
135
734
123
1027
1204
1007
1509
1594
1767
1391
