643
289
588
133
431
604
762
667
815
871
-1
-1
622
751
408
387
-1
-1
487
-1
