3429
4828
2469
5267
825
2124
5818
4100
892
872
451
4956
1026
6594
1513
1301
1553
4166
411
2499
