511
6656
6514
3951
943
6527
2965
4305
3503
397
6055
-1
-1
-1
-1
-1
-1
-1
-1
-1
