34
20
174
67
13
180
73
28
181
25
32
33
158
169
92
137
87
133
85
121
