147
4
158
51
25
123
180
181
67
178
73
14
13
190
90
185
20
16
91
66
