159
1344
1383
15
1234
1153
3338
185
3674
1156
1478
1472
553
3935
604
1356
1481
265
1283
3336
