285
73
753
790
33
502
395
437
328
52
155
5
45
755
638
26
412
876
999
25
