49
1822
544
24
369
1433
1434
1435
289
535
28
941
575
861
1787
1312
1262
387
1915
928
