461
616
608
324
154
753
646
724
272
566
763
749
237
519
311
693
325
158
157
899
