22
2055
2773
1101
1852
1311
1130
1191
1073
48
1689
44
443
3421
3625
1016
458
1920
699
887
