1291
4530
744
816
1311
1972
1304
2919
1422
1090
1253
1157
1433
544
64
2050
2495
2888
1123
765
