1572
1678
1195
121
1930
1547
123
1594
727
1597
946
367
74
849
799
430
873
1379
351
1157
