148
25
911
7
738
74
660
638
914
322
87
581
340
5
149
970
52
690
312
664
