92
108
185
25
19
73
16
181
28
168
121
158
178
34
67
13
85
93
105
175
