56
133
130
64
38
137
92
172
123
108
175
178
73
105
184
90
151
158
27
111
