175
92
168
16
180
108
135
13
181
34
173
93
84
73
25
90
85
15
178
174
