1194
1740
1177
3897
4031
291
3973
195
186
2092
4024
1419
2225
39
1644
2445
201
3775
3849
2496
