1491
1564
1463
120
3789
3776
3645
3751
3685
1797
3611
290
1678
3935
2681
1910
3453
3795
3981
1159
