1195
1844
809
1112
1849
47
1488
731
1054
952
1536
1456
551
860
151
1519
1834
637
1582
-1
