331
69
1544
1546
15
364
-1
-1
-1
-1
-1
-1
-1
-1
-1
-1
-1
-1
-1
-1
