323
102
1571
113
134
1708
801
1752
1560
749
391
384
1108
994
1866
1106
1151
1089
799
1567
