784
1567
935
87
90
1468
138
55
29
741
965
968
824
17
1391
1175
23
1451
1127
1523
