1501
957
1442
1548
940
277
1445
120
138
131
20
1384
1905
103
1476
894
942
935
1289
67
