1624
3475
1578
3
2259
1008
202
1948
1323
250
2938
626
3304
18
183
1737
671
2013
5165
2651
