369
1788
457
1499
1248
1112
-1
-1
-1
-1
-1
-1
-1
-1
-1
-1
-1
-1
-1
-1
