1837
384
1564
1125
1573
1112
134
148
1719
1767
1830
329
102
334
1686
1596
1752
1117
1911
1567
