3283
3959
1114
1438
1128
1400
151
3658
1553
3668
2903
1338
3347
2717
1881
2708
3224
70
1386
2812
