1205
509
754
330
1623
224
731
102
442
877
647
1117
1111
134
1908
1579
1112
1752
1828
1108
