734
4
271
342
339
922
243
344
552
346
400
827
874
936
1001
429
852
789
354
305
