30
618
385
703
106
164
238
157
220
684
810
902
72
932
297
5
307
362
531
822
