2240
266
2737
2171
2968
2651
1584
519
1622
4583
945
2640
744
2183
12
1607
3447
2388
5849
5830
