238
393
145
437
291
531
594
977
605
529
235
776
503
707
127
689
143
690
691
550
