51
172
20
67
174
123
16
173
108
56
175
190
147
87
33
73
25
181
28
152
