1112
1593
323
1111
411
148
1837
1830
329
102
801
840
1573
1911
1752
1108
1767
123
1429
1106
