2811
618
3218
463
2123
3339
817
3822
2532
-1
-1
-1
-1
-1
-1
-1
-1
-1
-1
-1
