725
771
773
118
718
1029
987
18
1337
2529
108
2912
2
115
2286
758
61
17
81
379
