1234
1978
619
807
1274
1293
1430
1427
1936
1735
1137
1124
464
1084
1193
414
1799
1210
429
431
