1347
1647
3794
3569
83
3228
3053
2879
3051
2524
3640
2479
2550
3803
1116
1544
44
3170
1813
3204
