158
73
93
108
175
123
190
56
90
67
28
121
15
17
55
163
21
12
139
8
