744
898
523
359
454
1168
472
1041
1453
476
945
717
994
1391
1458
1459
1118
1755
329
777
