3667
1506
2564
2811
2904
3507
1386
81
4172
4121
4022
3262
3256
281
422
360
2079
1719
3901
2303
