180
87
123
185
89
181
38
34
56
158
13
67
173
152
105
151
135
174
190
184
