93
32
173
56
178
172
34
38
87
174
168
130
152
20
147
90
73
108
165
89
