49
1575
-1
-1
675
672
671
464
-1
2263
2794
1636
51
636
462
2225
485
1510
-1
-1
