211
799
616
790
612
34
496
27
310
738
33
26
807
25
30
274
794
749
0
763
