92
20
181
56
130
190
32
16
90
64
25
147
5
168
169
85
38
184
156
9
