3475
3389
5294
892
2180
3813
3304
1607
289
2035
1372
1298
879
1090
834
1459
2072
638
56
1021
