25
634
519
595
512
43
909
573
324
45
894
89
640
67
593
536
2
87
51
625
