1564
1112
329
1111
396
1560
384
945
837
636
324
122
128
749
1039
1457
801
426
814
742
