1561
1594
1112
122
102
1560
382
957
1520
350
1090
494
1152
347
354
636
565
1133
960
1126
