45
331
378
2
53
46
49
149
385
274
0
272
277
794
582
398
87
806
356
626
