1647
1319
1163
1477
56
1401
2747
63
1852
83
1975
1073
1115
1653
48
3426
1063
1082
2879
3633
