2488
567
1173
2792
2343
1045
1409
953
304
1156
117
123
271
2387
565
465
378
1150
400
1758
