527
4
784
378
331
46
2
64
54
894
66
284
618
875
233
959
438
65
521
623
