3073
674
876
198
1774
83
783
155
909
798
1535
263
239
2259
202
158
1718
18
4338
4028
