963
348
802
152
220
300
761
301
134
860
659
1008
198
108
13
127
562
574
558
183
