180
92
108
19
16
73
51
168
121
28
158
178
67
173
152
85
93
175
151
20
