135
20
151
16
133
34
181
172
123
92
159
116
139
6
36
50
187
160
144
7
