1571
1686
334
1567
329
319
1837
1573
1719
1561
327
648
1594
185
1117
364
841
1825
102
73
