93
64
178
172
38
85
67
151
73
20
175
121
16
147
130
28
108
133
51
13
