108
73
133
121
174
34
16
5
28
175
20
105
165
184
39
141
116
91
30
153
