180
92
172
130
108
123
25
19
73
181
51
169
168
178
56
158
67
173
64
14
