1573
1125
1117
1108
411
1592
391
113
-1
-1
-1
-1
-1
-1
-1
-1
-1
-1
-1
-1
