968
633
1013
1624
1523
124
1634
93
1757
1516
25
494
334
608
707
1454
1001
1378
1367
401
