158
51
38
92
169
165
174
123
180
181
28
121
67
108
175
178
73
75
109
144
