871
595
584
610
657
130
124
658
322
717
57
793
710
996
300
578
785
853
951
556
