457
2513
3208
3060
3547
5522
2990
1207
2895
1617
3418
3053
3768
994
6053
961
631
-1
-1
-1
