793
807
1921
173
1282
1082
1488
823
379
1408
1119
1991
1002
1152
469
1603
1458
1904
1162
266
