852
1621
2766
501
2765
715
2327
722
2481
1879
1465
1425
2411
103
2753
242
338
2042
183
5
