33
956
871
924
610
842
798
975
280
-1
-1
-1
-1
-1
-1
-1
-1
-1
-1
-1
