1484
185
164
801
691
161
1571
126
769
196
647
631
1089
1591
1848
1485
183
808
589
1601
