1360
4637
5015
267
83
142
3948
2180
648
2237
4957
6568
2188
2583
3559
3112
1290
3252
1347
1464
