3430
821
1655
674
3073
626
4314
488
1272
2226
4565
1298
44
377
1696
4504
3213
2254
227
228
