1125
1573
1591
102
1596
165
1106
1882
1103
1778
1027
1385
1158
1012
1870
514
1221
1816
282
1219
