158
20
73
93
172
108
181
175
152
180
178
16
173
90
25
174
28
51
121
69
