871
608
591
517
10
39
36
668
257
1
37
44
1005
273
897
765
869
58
908
928
