18
6288
2298
677
544
1814
3941
1392
2634
3279
6418
1116
1544
3268
1008
250
2666
1548
1714
233
