1102
3092
1536
1347
49
1852
1437
1233
1082
3308
1319
2822
1073
2169
1191
1124
139
3090
1411
2461
