132
83
131
1650
1603
3764
6744
3768
3222
167
63
129
1568
227
4728
1115
1259
699
4515
5979
