137
1546
1572
282
791
17
1547
1597
1659
1833
1665
105
1480
1176
727
59
1168
1047
1026
1753
