77
49
9
763
976
11
79
0
48
88
53
6
741
496
75
971
81
807
30
494
