618
573
884
271
724
274
412
402
175
419
595
410
286
976
464
518
547
525
373
308
