158
92
181
180
56
190
16
25
67
133
28
51
147
121
5
169
33
69
72
17
