2978
3018
2487
1145
2811
904
2570
2854
2863
831
1060
272
12
297
993
210
2243
534
2179
3051
