123
1741
1905
835
693
756
1208
767
1558
1805
1549
352
965
90
137
29
1507
900
739
935
