1837
1125
1564
1593
1573
1719
382
1767
329
1830
1106
102
1686
334
1596
1911
1752
1117
1567
1912
