1573
213
1593
1111
1106
1687
1112
329
395
1911
102
1117
1882
1686
1830
391
1089
1790
1571
327
