52
880
762
81
57
704
45
566
2
793
7
63
49
753
519
10
73
512
821
33
