1125
391
411
801
113
1573
1790
73
329
223
809
1571
364
1117
148
1837
1108
750
830
646
