3665
1144
4835
1022
2288
3408
2136
87
4829
463
3046
447
5860
2912
558
1728
3620
-1
-1
-1
