73
137
90
133
173
108
89
25
168
14
105
87
5
72
154
181
34
135
38
32
