190
34
87
121
28
14
152
67
135
123
169
173
147
17
16
92
151
137
159
172
