56
923
1953
863
636
1923
213
1632
4169
862
1232
745
2369
1021
808
3224
1579
1743
1362
872
