1234
1644
1874
1738
1735
1293
91
1274
1936
1639
1214
282
1070
1693
279
345
82
1519
75
1908
