1225
1362
1658
1655
122
293
1319
81
754
-1
-1
-1
-1
-1
-1
-1
-1
-1
-1
-1
