51
694
539
26
2
55
352
397
461
502
803
874
873
246
402
905
757
66
741
739
