612
334
678
749
328
423
808
494
73
55
5
307
769
810
575
47
203
695
297
657
