1484
1463
1767
769
1912
1789
1761
70
1824
1917
565
1881
100
480
1584
1814
1343
489
429
1268
