1565
78
1347
3799
1737
1754
1738
1345
1386
3725
3442
3436
44
1516
879
86
604
997
1221
1546
