1208
1657
27
1696
734
1451
851
727
1558
131
1413
277
767
1741
701
962
889
1809
1801
-1
