1236
2224
904
365
18
138
363
326
2254
996
286
133
1701
124
4
54
25
7
135
461
