1571
334
1567
329
1596
1592
1837
1912
1911
1719
1752
1561
1830
327
1767
1593
1117
1623
395
102
