2822
1580
3018
2254
2209
2206
3013
2407
473
2678
2857
-1
-1
-1
-1
-1
-1
-1
-1
-1
