184
117
62
49
59
111
10
1
102
121
38
122
4
106
186
44
136
43
129
37
