184
45
117
101
106
49
48
109
149
148
38
44
46
1
138
5
102
4
108
156
