887
761
881
890
865
930
986
514
878
405
915
780
936
33
34
538
26
871
595
876
