1596
1452
119
1737
300
310
1402
1811
1289
305
314
109
717
1616
1805
1060
1267
1428
609
720
