353
324
60
767
27
633
972
645
794
428
257
156
265
400
652
915
868
878
454
780
