2667
2627
2598
2124
305
266
18
111
108
2292
2083
133
64
13
114
117
102
300
3073
130
