1177
1946
1913
1883
1220
800
361
705
1265
1528
807
285
1543
1721
1181
859
1781
1949
1496
1939
