334
1483
763
391
179
323
1916
1077
1383
996
1081
903
1041
1373
1415
251
935
904
1616
1369
