151
190
92
152
56
87
32
130
174
158
133
185
90
137
180
4
38
5
105
33
