1382
83
2712
2256
917
2388
3388
1360
92
5282
1876
2737
1624
5323
1383
3475
3665
649
1909
5327
