753
628
392
790
502
612
616
749
566
89
320
328
352
7
75
81
361
340
496
0
