617
2863
2495
235
266
343
20
1629
13
211
300
14
1142
1105
199
213
2999
539
399
1237
