1008
349
1153
362
1269
1500
1104
1384
958
940
350
394
657
1030
1414
1676
1557
63
1364
127
