1431
1442
5537
1128
181
4
1743
104
1574
2445
4671
2783
5623
651
3888
2110
6110
1327
3991
1714
