291
11
57
88
4
385
764
862
68
757
645
343
784
793
7
46
63
9
3
155
