93
168
175
20
146
163
72
154
40
138
84
46
98
144
8
177
41
104
129
-1
