183
1564
1112
329
1596
334
1687
213
129
1686
391
1573
1719
179
801
364
1465
840
1043
1584
