5
149
46
55
157
33
138
59
118
116
122
119
104
103
102
101
70
113
154
106
