122
38
149
59
46
138
101
102
104
33
55
5
116
44
106
103
62
157
186
118
