56
210
814
92
763
1535
1437
1624
1578
1894
203
2914
267
2137
3389
3506
70
83
1896
2342
