973
947
77
971
976
54
9
608
48
749
88
0
26
51
32
3
753
27
899
89
