121
1578
417
152
473
344
889
714
357
645
1728
1345
658
1155
1189
1292
1741
1668
1063
1742
