180
174
92
19
147
178
32
73
172
158
108
5
173
90
130
181
165
25
4
33
