1501
1143
3288
67
57
1539
1625
2520
2565
1411
1557
1717
1175
1561
3464
3454
1739
1472
3416
4
