1112
323
73
1564
329
1125
382
1571
1751
330
1573
154
384
1561
1752
1560
391
1089
1456
395
