2479
3004
2962
927
18
2357
1700
1688
1683
77
310
3010
143
184
65
186
1753
164
129
2851
