4583
3480
5484
111
225
266
945
210
12
815
1131
1115
613
2095
744
2
6623
663
3274
1741
