1783
2482
1737
1282
2479
579
840
741
3436
618
3442
435
1738
2784
2308
1122
3652
3794
2386
1546
