92
73
93
108
172
175
123
19
180
178
56
130
64
67
51
121
14
168
169
9
