2683
1534
18
2852
2283
2912
227
115
102
2762
188
88
2286
133
301
13
59
83
154
203
