1629
2594
825
192
885
3791
850
2317
3734
3604
1990
2012
3265
3841
2577
370
2574
1106
2158
437
