135
93
108
73
25
34
158
178
130
181
172
173
13
152
174
87
175
5
147
33
