1972
502
304
1094
4654
1271
1422
1253
879
2041
1232
1021
3514
3324
923
1426
4777
2035
1815
2342
