303
566
365
367
753
519
156
286
88
26
61
81
290
536
60
515
616
759
291
801
