2472
1672
1712
501
462
111
1109
1072
1883
656
2172
1228
692
178
446
51
2474
421
383
638
