3135
1738
719
1347
1605
4166
3092
1102
1856
3032
446
1149
1857
1558
2283
84
2922
1737
82
685
