1561
1125
1564
1111
396
1594
435
1709
1158
1867
1801
1574
440
1456
117
810
745
1325
1850
1301
