1564
1573
1465
1115
395
1687
1889
1790
1402
1722
1596
1912
384
1837
840
364
1453
1768
1089
1719
