-1
-1
298
273
1273
1221
739
441
1126
1016
1020
624
976
-1
1802
1737
1732
510
562
1588
