2229
1829
305
2541
1403
3068
1264
140
20
606
304
2454
296
18
1513
311
161
2038
2874
364
