1127
113
195
1121
1905
169
1902
98
141
1705
1186
20
1799
1223
1851
1576
1590
112
200
1359
