59
61
3
412
45
996
793
515
796
821
527
77
88
49
53
83
6
79
149
2
