1912
1825
1593
1911
1686
1767
509
1809
1790
1837
830
1573
211
213
1752
1453
1484
411
691
1106
