790
519
634
512
862
734
645
395
445
887
890
719
703
587
252
414
619
323
891
241
