320
179
328
82
864
608
78
573
87
353
324
85
204
75
77
81
378
9
57
331
