149
148
5
1
61
45
33
51
101
103
46
104
153
4
184
157
102
49
47
121
