2927
354
2888
2224
326
1413
324
2794
2837
1040
140
1021
54
139
1657
3
2573
1649
2275
197
