957
1572
1195
1646
123
1027
727
1829
1704
1012
76
1145
1247
675
1836
73
1867
677
689
1514
