298
496
25
584
901
34
763
876
976
538
600
582
32
767
27
33
633
628
412
461
