175
56
121
28
152
108
67
174
16
173
185
85
123
20
168
181
72
80
163
15
