1.154961585998535156e-01
