387
942
868
394
576
19
1946
728
1724
744
995
578
334
385
487
898
396
838
796
1256
