1626
1507
1084
885
1340
734
544
792
1121
816
1023
531
540
793
34
1451
37
845
1244
1304
