814
879
1094
1304
2141
151
1422
92
744
304
263
798
1302
158
754
1443
1253
1128
1381
1133
