749
397
832
791
871
727
300
470
37
222
-1
-1
-1
-1
-1
-1
32
-1
-1
-1
