517
864
87
591
334
328
950
608
89
276
716
339
342
904
956
686
557
81
9
378
