1125
113
1117
1571
1573
164
801
1687
213
696
73
323
185
1591
1592
1089
364
799
122
1457
