1127
18
3958
1713
3282
1344
1141
1706
1400
301
3552
3987
66
1745
69
1392
1234
3980
1175
1535
