158
93
173
185
190
56
135
92
180
38
85
87
14
175
16
123
169
137
17
167
