885
1128
2622
3559
3435
2876
3781
162
3278
195
362
3562
38
1127
4099
3959
1391
3503
145
3430
