1567
1561
1686
1125
1573
1837
123
1571
1751
1752
1830
329
1767
1117
411
1825
1911
1790
1623
334
