704
334
261
886
55
477
491
348
203
324
362
72
307
608
813
599
988
73
692
5
