957
968
1572
29
92
138
27
120
1708
1646
123
1027
728
824
17
1291
1704
739
23
1730
