67
34
16
133
14
185
135
181
93
28
158
151
121
90
105
165
89
4
184
15
