180
174
87
158
172
16
173
121
20
181
151
67
25
85
168
28
159
80
167
72
